1.0 -2.2100513541666666 0.6239573020833331 0.028499815625000008 0.0008603009999999998 1.0764415416666665e-05 0.0 0.013546973958333328 -1.5170870833333287e-06 0.016101156249999995 0.012842973252974605 0.5319746354166668 
0.9120110000000016 -2.2659890625000005 0.6424508645833334 0.028772590625 0.0008775866354166668 1.3997852083333335e-05 0.0 0.013768815625000005 -1.6158981458333336e-05 0.01624150208333335 0.012976351371538235 0.5345168333333336 
0.8317640000000012 -2.3190907291666667 0.6710191041666667 0.02896925833333333 0.0008902491041666668 -1.6077700749999997e-05 0.0 0.01395747187499999 -1.0620758124999996e-05 0.016363118750000002 0.013051466505431772 0.5372923333333334 
0.758578 -2.3692890625000005 0.6941724687500002 0.029235046874999986 0.00090663634375 4.4318191249999995e-06 0.0 0.014172339583333332 5.682709367708336e-05 0.016478288541666667 0.01319673825752425 0.5403269687500002 
0.6918310000000001 -2.4166368749999996 0.7195342604166667 0.029431766666666664 0.0009196641562500001 9.801470312499996e-07 0.0 0.01435344687500001 3.4808654895833326e-05 0.016567779166666664 0.013276867190735045 0.5436006458333337 
0.6309570000000008 -2.4611858333333343 0.7426888645833333 0.029694186458333344 0.0009361764375000001 -2.3694030208333244e-07 0.0 0.014611521874999993 1.3616659791666661e-05 0.01668675416666667 0.013380645607205506 0.5471659999999999 
0.5754400000000003 -2.5029421875000004 0.7576751249999999 0.029930428125000016 0.0009518533541666667 -5.350292083333327e-06 0.0 0.014843451041666665 6.5170879166666645e-06 0.016753760416666662 0.013500085448718882 0.5509347916666666 
0.5248070000000006 -2.5420351041666662 0.7879219895833334 0.030147193750000006 0.0009655650624999997 -2.0955804687499987e-06 0.0 0.015069782291666665 1.3627301666666675e-05 0.01683695104166667 0.013575762774529078 0.5550011979166666 
0.47863000000000056 -2.5785433333333345 0.8038925312500003 0.03033130937499999 0.0009777131666666666 -1.1863755416666667e-06 0.0 0.015224399999999994 5.020776247500002e-05 0.01689615729166666 0.013677736393348773 0.5592854166666668 
0.4365159999999997 -2.6125048958333332 0.8134637499999996 0.03053028645833333 0.0009911389270833332 -1.8282086041666658e-06 0.0 0.015462910416666672 -8.378108125000007e-06 0.016948953125 0.01374803674896665 0.5637885104166666 
0.3981070000000002 -2.6440726041666656 0.8263036979166668 0.030751390624999996 0.0010057453229166669 2.5139706249999996e-06 0.0 0.01565968333333333 -3.1155985520833346e-05 0.01701985416666667 0.013849346964314347 0.5684718958333334 
0.36307800000000073 -2.673327812499999 0.838745427083333 0.03086787604166667 0.0010133855208333332 -3.075693052083332e-06 0.0 0.01575560104166667 2.9493218229166665e-05 0.017033320833333334 0.013940449271365894 0.5733234166666664 
0.3311309999999994 -2.7003978125 0.8513250312499999 0.0310215875 0.0010243677187500003 8.308573708333337e-06 0.0 0.015935119791666664 8.976336416666667e-05 0.017077409375 0.014011185942344205 0.5783993958333333 
0.3019950000000006 -2.7254166666666673 0.8647392291666663 0.031202912500000003 0.001035888958333334 -1.79165000000006e-08 0.0 0.016071546875 7.894749875e-05 0.017152315625000004 0.01410196420231521 0.5835826354166668 
0.275423 -2.7484756249999998 0.8695491979166667 0.03139849479166667 0.0010493218749999997 2.4847819166666674e-06 0.0 0.016244142708333336 -6.373874270833333e-06 0.01719731770833333 0.014201281655695073 0.58891946875 
0.25118900000000005 -2.769716041666666 0.8768285416666668 0.03149949062500001 0.0010559058333333335 3.867255184375002e-06 0.0 0.016311861458333337 -5.249197781250001e-05 0.01725735208333332 0.014247177268715926 0.5943799791666667 
0.22908699999999985 -2.789253958333333 0.8915237708333335 0.031677344791666666 0.001068396041666667 -6.318844687500008e-07 0.0 0.01640533645833334 2.7802155218749996e-05 0.017306843750000002 0.014390195150038148 0.5999723124999999 
0.20892999999999987 -2.807215729166666 0.8884998541666668 0.031694727083333346 0.0010699364583333332 -3.1890681708333335e-06 0.0 0.016430770833333334 -2.8835943291666655e-05 0.017264177083333335 0.014425705096653052 0.6056954166666665 
0.19054599999999997 -2.8236977083333312 0.8957955104166668 0.03185325312500001 0.0010805792708333333 -8.112069125000001e-07 0.0 0.016493361458333338 2.4493144375e-05 0.017319972916666662 0.014564877789389452 0.6115894270833333 
0.1737800000000003 -2.8388162500000003 0.90208478125 0.03190191041666667 0.0010838554166666668 3.1575229197916676e-06 0.0 0.01649543229166667 3.792830104166667e-05 0.017315179166666663 0.014645641208485015 0.61759675 
0.1584889999999998 -2.8526860416666664 0.9136065000000002 0.03200925937499998 0.001091814375 -5.37934263541667e-06 0.0 0.0165183875 2.473694687500001e-05 0.01734913229166667 0.014739578289603478 0.623722395833333 
0.1445439999999998 -2.8653917708333334 0.9154724687500001 0.0320154375 0.001092502708333334 1.1773975312499999e-06 0.0 0.01649281458333333 -5.67025178125e-05 0.017369136458333337 0.014771475238847781 0.6301016458333333 
0.1318260000000002 -2.877025208333333 0.9195220208333333 0.032126671875000005 0.0010997568749999997 -2.7001916458333327e-06 0.0 0.016433109375 5.414819115624997e-05 0.017449387499999993 0.014899985847064904 0.6366026458333333 
0.12022600000000011 -2.8876718750000006 0.9223992395833331 0.03218063020833334 0.0011030485416666667 -7.806227499999996e-07 0.0 0.01639457916666667 -1.987534015937499e-05 0.0174696 0.015000717710667777 0.6434009791666668 
0.10964799999999998 -2.8974308333333343 0.922832458333333 0.03223167708333335 0.0011070827083333329 -3.5573876145833323e-06 0.0 0.016278979166666666 -5.009368552083335e-05 0.017532285416666668 0.015128658472312794 0.6504763229166666 
0.09999999999999981 -2.9063470833333347 0.9197676979166666 0.032344723958333335 0.0011151590625000007 -2.0675523749999984e-06 0.0 0.016264066666666663 -7.7338256875e-05 0.017540373958333327 0.015276226621039122 0.6577722395833335 
0.09120110000000002 -2.9145229166666664 0.928175864583333 0.03223972916666667 0.0011077772916666666 -3.2782427187499977e-06 0.0 0.016067627083333334 7.574780520833334e-05 0.017510551041666662 0.015318350189959555 0.6654991666666666 
0.08317640000000011 -2.9219931249999984 0.9365530208333336 0.03230475729166668 0.0011123035416666664 6.321502708333331e-06 0.0 0.015953958333333334 -4.8954288541666674e-05 0.01755662916666666 0.01545503682071049 0.673611791666667 
0.07585779999999988 -2.9288281249999994 0.93661521875 0.032337016666666656 0.0011147946875 -4.5451641666666664e-07 0.0 0.015780052083333333 -4.4683584687499994e-05 0.01767649479166667 0.01555376401510372 0.6822037083333333 
0.06918310000000004 -2.9350773958333334 0.9368943229166669 0.032244028125000004 0.0011093971875000004 -2.567796895833333e-06 0.0 0.015540701041666667 -1.0129992395833324e-05 0.017636950000000005 0.01565873060420288 0.6913619895833332 
0.06309569999999992 -2.9408014583333326 0.93612271875 0.032060685416666686 0.00109709275 1.1033154270833337e-06 0.0 0.015286811458333329 4.651296096874998e-05 0.017567923958333332 0.01566291174711106 0.7013155104166665 
0.05754400000000003 -2.946039687500001 0.9431653437500002 0.032154318750000015 0.0011043096250000003 7.061036124999999e-07 0.0 0.014974108333333331 -1.0795283854166672e-05 0.017578058333333337 0.0160045101020876 0.7119960625 
0.0524807 -2.9508333333333336 0.9552553750000001 0.032142728125 0.0011033287500000005 -1.9342778343750007e-06 0.0 0.014755328125000002 1.2048462708333338e-05 0.01761376979166666 0.016125129611056967 0.7239213854166667 
0.04786300000000005 -2.9552298958333334 0.9485457395833334 0.031819719791666666 0.0010827933125000003 -9.510142604166669e-07 0.0 0.014345187499999995 4.9881967395833334e-05 0.017554443750000003 0.016036571201165365 0.737430291666667 
0.043651599999999985 -2.9592632291666665 0.9557136458333333 0.031710844791666665 0.0010774687395833334 -3.6145066666666663e-06 0.0 0.013857013541666666 -6.752032291666672e-06 0.017519013541666666 0.016286377479582923 0.7524817395833338 
0.039810699999999956 -2.9629701041666667 0.9637216145833335 0.031426651041666656 0.0010588366458333333 2.999984143749999e-07 0.0 0.013306176041666664 3.182034135416665e-05 0.017411284375000002 0.01639416438395538 0.7705110729166668 
0.036307799999999925 -2.966398229166666 0.9855321770833335 0.03149580416666666 0.0010661774062499995 -6.279047771874999e-07 0.0 0.012625237499999995 -6.421712666666668e-05 0.017544610416666658 0.016825904811983625 0.7916893645833335 
0.0331131 -2.969568854166667 1.0012952604166665 0.030867636458333323 0.0010273902083333332 1.148293208333333e-06 0.0 0.011923322916666668 -4.089829166666667e-06 0.017226579166666665 0.016764494913407865 0.8167963020833335 
0.030199500000000032 -2.9724954166666673 0.9977388854166668 0.031045715624999994 0.0010431326354166665 2.1052841666666678e-07 0.0 0.011035031249999999 -2.902081541666666e-05 0.01734523229166667 0.017432159476943362 0.843784291666667 
0.02754229999999995 -2.9751295833333358 0.9803786145833336 0.028750459374999992 0.0008990993541666661 8.852979166666686e-08 0.0 0.010245749791666665 -1.1858000625000005e-05 0.016126662500000003 0.016055271524420423 0.867189510416667 
0.025118900000000003 -2.9774606250000026 0.9398117916666667 0.030881950000000005 0.001039706354166666 2.731957083333331e-07 0.0 0.009629167187500004 -5.005679302083331e-06 0.0173803690625 0.01801860772093606 0.8842068437499996 
0.022908699999999945 -2.9795382291666654 0.9194754270833335 0.03140460208333333 0.0010858788229166666 1.4408485364583333e-06 0.0 0.009203525520833334 6.788297812499999e-06 0.017655314374999998 0.018653214464202972 0.8964650000000001 
0.020893000000000037 -2.9813908333333337 0.9135381666666667 0.03129938333333334 0.0010882393229166667 5.961684062500003e-07 0.0 0.008859992604166669 -1.2347197812499998e-05 0.01763318385416666 0.018720988188161525 0.9052172500000001 
0.019054600000000022 -2.983065729166665 0.9092016562499999 0.031085663541666666 0.0010734130104166665 -8.289443437499992e-07 0.0 0.00858329697916667 5.699206041666669e-06 0.017499785729166654 0.01870003135753264 0.9123957187499999 
0.01737799999999996 -2.984581979166665 0.9057431666666669 0.03097943958333335 0.0010688979583333331 4.170122072916664e-07 0.0 0.008324344999999999 3.1330253854166656e-06 0.01750509177083334 0.018708726195602255 0.9186793229166669 
0.01584889999999996 -2.985959375000002 0.8984621354166668 0.030859282291666665 0.0010636516249999998 1.1079577083333343e-07 0.0 0.008057201041666665 3.240614727083333e-05 0.017453230000000007 0.018738706249019372 0.924202208333333 
0.014454399999999984 -2.987212708333335 0.8980776354166663 0.030794268750000003 0.0010609981249999998 1.0862660520833348e-07 0.0 0.007837076041666665 -1.4919993229166662e-05 0.017425559895833324 0.0187841198739023 0.9292681041666663 
0.013182600000000001 -2.988350208333333 0.8891399062500002 0.030749677083333326 0.0010601221249999996 6.062170489583334e-07 0.0 0.0076122521875000015 1.192183788541667e-05 0.017380759166666676 0.01886530149234041 0.933709395833333 
0.01202260000000001 -2.9893852083333363 0.8895217187499999 0.030685206249999996 0.0010576848750000001 4.327970010416666e-07 0.0 0.007404648645833335 -2.2561643124999998e-05 0.017339561250000007 0.01892228402325781 0.9378554687499997 
0.010964799999999999 -2.990328645833332 0.8884741770833328 0.030638152083333318 0.0010564063541666669 4.103196395833335e-07 0.0 0.007198301770833332 1.0556517916666663e-05 0.01733771208333334 0.018956682173695016 0.9415857604166668 
