1.0 -2.2102144897959186 0.6232227653061224 0.08052357244897959 0.006869516938775511 1.0932091530612247e-05 0.0 0.038269939795918355 0.0002579366495918366 0.045474578571428594 0.03628572792730184 0.5319740204081631 
0.9120110000000017 -2.266153265306122 0.6497427857142858 0.08124807346938775 0.006997196224489796 -1.2792593153061228e-05 0.0 0.03892045510204083 0.00010078633469387756 0.045859862244897964 0.03659223241218432 0.5344812040816326 
0.8317640000000013 -2.319290306122448 0.6733529693877552 0.0820064 0.00713204112244898 -1.8925905714285708e-05 0.0 0.03953784489795918 6.525086326530612e-05 0.04628249387755103 0.03694617201577963 0.537262224489796 
0.758578 -2.3695439795918367 0.6982445612244894 0.0826655081632653 0.007249731122448981 -1.705187051020408e-05 0.0 0.040169860204081635 -1.1198968367346932e-05 0.04656421326530611 0.03726086562810493 0.5402750714285715 
0.691831 -2.4169041836734695 0.7152481734693878 0.08331421632653062 0.007367207857142859 1.5104021744897956e-05 0.0 0.04075771326530613 -0.0001372082744897959 0.046867787755102044 0.037540262426500624 0.543553306122449 
0.6309570000000009 -2.4614939795918365 0.743406142857143 0.08405233469387756 0.007500800408163269 1.1217565837755107e-05 0.0 0.04143377857142854 -9.524616122448982e-05 0.04717687142857142 0.03788969713518463 0.5470507857142857 
0.5754400000000003 -2.5033602040816314 0.7577032142857144 0.08465218775510203 0.007609812346938774 -2.6353538775510196e-06 0.0 0.041950538775510214 2.848651122448979e-05 0.0474535255102041 0.03815612246902067 0.5508599795918365 
0.5248070000000007 -2.542481326530612 0.784373724489796 0.08518572857142857 0.007707522857142856 2.0736630816326506e-06 0.0 0.04256053571428572 -7.935250948979593e-05 0.047609232653061224 0.038339640906661275 0.5548763775510204 
0.4786300000000006 -2.578957142857144 0.8004720204081626 0.08578220204081634 0.007818905714285715 -1.6582322346938738e-06 0.0 0.04312640204081632 -4.792196122448978e-05 0.04779216734693878 0.03862493564311451 0.5590510816326529 
0.4365159999999996 -2.613048265306123 0.8195158469387755 0.08634280816326528 0.007924557040816328 6.676891020408181e-07 0.0 0.04371110408163265 -7.972926653061225e-05 0.04794572040816328 0.03887175756057032 0.5635257142857144 
0.39810700000000027 -2.6445950000000007 0.8277631326530611 0.08683505306122448 0.008018143571428576 -6.0673664510204085e-06 0.0 0.04417670306122448 -2.8148832448979583e-05 0.048066660204081624 0.039147556775051294 0.5681701326530613 
0.3630780000000008 -2.673894387755102 0.8439783265306123 0.08733719897959187 0.008110196020408163 8.986276530612246e-06 0.0 0.044629401020408146 -8.272488081632654e-05 0.048223693877551 0.03938770091689877 0.5729994795918368 
0.3311309999999994 -2.700996020408164 0.850260030612245 0.0876874826530612 0.008180589897959186 3.659398959183675e-06 0.0 0.045014671428571455 -3.46622836734694e-05 0.04826151326530613 0.03955894941051149 0.5779107142857142 
0.3019950000000006 -2.7260572448979588 0.8641548673469387 0.08815689081632651 0.00827161102040816 -1.2122984693877533e-06 0.0 0.045406491836734696 -2.3039858163265283e-05 0.04840448979591837 0.039821459726557956 0.5830051734693876 
0.275423 -2.7491136734693877 0.8733285816326528 0.08854584081632655 0.008347030102040819 -1.3403074902469383e-05 0.0 0.04576315102040817 -0.00013301245255102043 0.04849938979591837 0.040046087100728725 0.5882719489795919 
0.25118900000000005 -2.770384489795919 0.8833352244897961 0.08899839693877548 0.008430101428571425 -1.0256888367346934e-05 0.0 0.0461267887755102 -7.610701653061226e-05 0.04859143061224491 0.040339143553659446 0.5935723877551018 
0.22908699999999985 -2.7899207142857145 0.8825546734693878 0.08937447448979594 0.008502101020408163 6.331470612244906e-07 0.0 0.046415389795918374 -0.00015642241704081627 0.048730459183673455 0.04052143308062975 0.5990753367346939 
0.20892999999999984 -2.8078650000000005 0.8926895714285716 0.08969132653061221 0.008563477653061225 1.2796534632653059e-05 0.0 0.04653369693877551 -6.235375612244907e-06 0.048784484693877556 0.04083613502455282 0.6046528571428569 
0.190546 -2.824331020408164 0.899243469387755 0.08980106530612242 0.008588439795918367 -5.352773775510207e-07 0.0 0.046628457142857155 -3.308321428571435e-06 0.0488112836734694 0.04093981176081556 0.6103312244897958 
0.17378000000000032 -2.8394426530612233 0.9049119285714282 0.09022240102040816 0.008671234591836736 -1.8821794897959172e-06 0.0 0.046782101020408175 -0.00013384490672448983 0.04900573163265305 0.04126406338209637 0.6161717959183677 
0.15848899999999977 -2.8532881632653053 0.908791010204081 0.09040297040816324 0.008705521428571426 5.199648782653059e-06 0.0 0.04678442551020409 -1.4988684795918362e-05 0.04893903265306122 0.04156570971232236 0.6220473163265308 
0.1445439999999998 -2.8659631632653055 0.9104289387755103 0.0905809826530612 0.008739789183673474 -5.8191322755102046e-06 0.0 0.04677894591836735 4.176138673469388e-05 0.04903023673469387 0.041781709717007905 0.6281710918367344 
0.1318260000000002 -2.8775674489795935 0.9144368673469387 0.09072931122448981 0.00877127142857143 2.7401629999999992e-06 0.0 0.04676783367346939 5.767081122448978e-05 0.049074720408163235 0.04198027168757221 0.6344557346938777 
0.12022600000000012 -2.8882036734693877 0.9171304081632652 0.09095403571428572 0.008815209285714288 -2.477538908163265e-06 0.0 0.04656224489795918 -2.3265289897959172e-05 0.04917444999999999 0.04236236792581287 0.6409319897959185 
0.10964799999999998 -2.8979352040816324 0.9195197959183672 0.09122639489795918 0.008867128469387753 -5.645505918367345e-06 0.0 0.04638915000000004 -0.00016984837510204077 0.04937877448979591 0.042724339189653224 0.6476317142857143 
0.09999999999999981 -2.906831122448981 0.9181581122448984 0.09125020510204084 0.008876558775510204 6.873056469387751e-06 0.0 0.04623252653061224 5.949990408163264e-05 0.04934242142857142 0.04290557310318679 0.6545690408163264 
0.09120110000000001 -2.9149740816326535 0.9225702142857142 0.09123135204081628 0.008869411734693876 -1.8220126224489814e-06 0.0 0.045818303061224495 -1.1345148979591824e-05 0.04943284387755105 0.043176513329851424 0.6617569693877552 
0.0831764000000001 -2.9224153061224496 0.9280056224489797 0.09116653469387759 0.008861991938775507 -4.7496353775510205e-06 0.0 0.04536224387755101 -0.00019477324275510207 0.049406661224489785 0.043455035310481865 0.6693413061224489 
0.07585779999999986 -2.929203367346939 0.9315264387755101 0.09148969081632655 0.008926011428571431 -1.7688430765306108e-06 0.0 0.04523333673469389 -0.0001008623428571429 0.049621747959183664 0.04386746939566263 0.6773397040816328 
0.06918310000000004 -2.935427244897958 0.9357323469387746 0.09118797244897953 0.008873253469387755 7.870595765306123e-06 0.0 0.0444614775510204 1.195748806122449e-05 0.049565952040816326 0.04407848877120454 0.6859881530612247 
0.06309569999999992 -2.941118673469387 0.9349342040816333 0.09103031224489797 0.008835256122448978 -4.4545198744897883e-07 0.0 0.04383448877551021 3.371682836734694e-05 0.049467452040816325 0.04445016717960038 0.6950104897959184 
0.05754400000000003 -2.9463189795918368 0.9365912755102045 0.09089804387755103 0.008820825000000003 -2.7213783469387746e-06 0.0 0.04317705510204082 -0.00010601223622448984 0.049580896938775515 0.044675066163858274 0.7047306938775509 
0.052480700000000005 -2.9510773469387748 0.9398798367346937 0.09102324285714286 0.008849049285714285 -1.1193441530612246e-06 0.0 0.0426098755102041 -1.0601843877550842e-06 0.04960962142857144 0.04525928863018691 0.7153481326530614 
0.04786300000000006 -2.955432551020408 0.9455625204081634 0.09078938571428571 0.008811829183673464 -1.98963775e-06 0.0 0.04167687448979591 -6.02472112244898e-05 0.049646066326530625 0.04562622635945468 0.7273383673469391 
0.04365159999999998 -2.959421734693878 0.950209867346939 0.0903884989795918 0.008739936428571432 1.219051326530612e-06 0.0 0.04062602653061224 -5.407108520408164e-05 0.049671479591836744 0.045864890809539205 0.7407503367346935 
0.03981069999999995 -2.9630854081632645 0.9553502040816323 0.08985527653061227 0.008659062653061224 -1.6286898795918363e-06 0.0 0.03919700918367347 -5.5509036836734726e-05 0.04953117244897963 0.046328178467995584 0.7562852551020408 
0.036307799999999925 -2.966449999999999 0.9686346632653065 0.08917705714285715 0.008533889081632657 -2.6511357244897954e-06 0.0 0.03757095510204082 -8.025280551020409e-05 0.049305758163265295 0.04675516118919288 0.7741749081632657 
0.0331131 -2.9695661224489807 0.9832305204081632 0.08865709897959187 0.008469514081632653 8.916161836734696e-07 0.0 0.03562076428571428 9.13445979591837e-05 0.04922304489795917 0.04743205518429704 0.7964295510204078 
0.030199500000000035 -2.9724490816326528 0.995510030612245 0.08741752244897961 0.008270269795918371 6.416814199275512e-06 0.0 0.033349323469387744 3.7057303061224466e-05 0.04875135408163264 0.04772198228910739 0.8227860204081632 
0.02754229999999995 -2.975096326530613 0.9894292755102042 0.0862975918367347 0.008099957448979591 1.93760306122449e-06 0.0 0.030726144897959176 -3.98425737755102e-05 0.048259155102040825 0.048362300570025066 0.8500946428571429 
0.0251189 -2.977459387755103 0.9577160102040817 0.0859486408163265 0.008012954897959184 1.0062676224489798e-06 0.0 0.028726790816326536 6.877012102040818e-05 0.048129018367346954 0.0492729733662846 0.871740530612245 
0.02290869999999994 -2.979553673469387 0.9337866020408159 0.08519938265306123 0.007968566734693872 1.0411917142857143e-06 0.0 0.02710650102040817 1.3917823469387767e-05 0.047819538775510206 0.049485633233426335 0.8871803061224489 
0.020893000000000037 -2.9814151020408164 0.9155421734693876 0.08994629999999998 0.008880774285714287 -1.6386947755102038e-06 0.0 0.026039369387755102 4.3026481122448994e-05 0.05054729081632651 0.05361946544140759 0.8977595510204082 
0.019054600000000022 -2.9830995918367362 0.9095238163265307 0.090390193877551 0.009056701428571425 1.4389737489795919e-06 0.0 0.024915283673469388 -3.614418010204083e-05 0.051095333673469384 0.054266131566662094 0.9066437040816329 
0.017377999999999956 -2.9846154081632674 0.90467606122449 0.08827905510204079 0.008732746938775508 1.5295463775510203e-06 0.0 0.024214345918367346 6.695284387755096e-06 0.04983105510204082 0.05309187451140422 0.9134872040816328 
0.01584889999999996 -2.985993571428569 0.9015932346938774 0.08982882244897958 0.009072518571428573 7.226218663265308e-07 0.0 0.023413647959183662 1.1402427244898045e-06 0.05075373265306122 0.05455518468686693 0.9196809081632656 
0.014454399999999984 -2.9872458163265296 0.8945512551020408 0.08838217959183671 0.008771444387755107 1.152564130612246e-06 0.0 0.022814318367346948 6.50683985714286e-05 0.04993537653061223 0.053814155718490686 0.9250974897959179 
0.0131826 -2.9883824489795945 0.8950262040816331 0.08909426530612242 0.008944237040816327 6.177359693877552e-07 0.0 0.022143828571428572 -5.789141306122446e-05 0.050456595918367333 0.05455299597613417 0.9299601530612241 
0.012022600000000012 -2.9894173469387737 0.8887534387755096 0.08880295816326533 0.008970392959183672 -1.6861266734693879e-06 0.0 0.021469713265306115 -7.343757755102042e-06 0.050230734693877566 0.054664448592590564 0.9344051632653062 
0.010964799999999999 -2.9903579591836773 0.8900047346938781 0.08858565102040815 0.008974566734693877 -1.4730407734693879e-06 0.0 0.020847471428571424 -4.842193612244899e-05 0.05026854999999999 0.05467151378749495 0.9383955102040816 
