1.0 -2.2100439 0.6200157900000001 0.052297446 0.0028978137 6.982326660000001e-06 0.0 0.024821554 -4.556476500000002e-06 0.029535101999999983 0.02358975707909906 0.5319697199999999 
0.9120110000000018 -2.2660150000000003 0.6473273300000001 0.052768607999999995 0.0029522920000000013 -2.4850879500000024e-06 0.0 0.025239335999999998 -3.0384735499999954e-05 0.029788553000000006 0.023798760607898616 0.5345301799999997 
0.8317640000000014 -2.319059100000001 0.6765842899999999 0.05326919 0.0030102301999999997 -3.864392300000042e-07 0.0 0.025678548000000006 -5.948872730000001e-05 0.030042469999999984 0.024031383749791257 0.5372961400000001 
0.758578 -2.3692650999999993 0.7003707799999997 0.053714235999999985 0.0030616648999999994 -2.311414040000001e-06 0.0 0.026105566999999996 -1.6372702200000016e-05 0.030263661000000008 0.024205255880203235 0.5403288700000003 
0.6918309999999999 -2.4166883000000006 0.7178450999999998 0.054195471999999995 0.0031175394000000013 1.6212051000000001e-06 0.0 0.026534476999999987 1.9718638599999998e-05 0.030467528 0.02441143106484645 0.54364224 
0.6309570000000009 -2.4612341999999994 0.7421544399999999 0.054524136000000015 0.0031565521999999983 9.315872000000003e-07 0.0 0.02687484200000001 -2.2677906499999996e-05 0.030618895999999993 0.024550753142436467 0.5471443899999999 
0.5754400000000003 -2.5030125 0.76134244 0.05498270199999997 0.0032113979000000016 4.238878640000001e-06 0.0 0.027252270999999998 -2.8276740000000013e-05 0.03081600199999999 0.024767067581621637 0.5509322600000001 
0.5248070000000007 -2.5421139999999998 0.7839843200000002 0.05536406300000001 0.0032567699 7.851624900000021e-07 0.0 0.027629663 -4.3842839e-05 0.030974826999999983 0.024923093546264284 0.55497824 
0.4786300000000006 -2.578608000000001 0.7917125799999998 0.05576413200000002 0.0033043157999999993 -8.530730470000002e-06 0.0 0.028032879 2.711747451999997e-05 0.031110597999999982 0.02508137794044978 0.5592379500000001 
0.43651599999999957 -2.612627199999999 0.8138698100000005 0.05616743000000001 0.0033536813000000004 1.5899625e-06 0.0 0.028410088999999993 -6.774360200000025e-06 0.031227260000000014 0.02529938824303354 0.5637642700000002 
0.3981070000000003 -2.6441384999999995 0.82756659 0.056435542000000005 0.003385962800000001 -3.3333609000000027e-06 0.0 0.028716494000000002 6.0026315099999984e-05 0.03129270699999999 0.0253976789179422 0.5683842200000002 
0.3630780000000008 -2.6734297000000002 0.8475155199999999 0.056726285000000015 0.0034229050999999996 -1.916503299999999e-06 0.0 0.028961438000000003 -5.06761817e-05 0.031348600000000004 0.025585341675606058 0.5732891100000002 
0.3311309999999994 -2.700494 0.8544327300000001 0.05708328700000002 0.0034668017999999984 -5.651345709999995e-06 0.0 0.029225583000000003 -2.1138795999999935e-06 0.031468211999999995 0.025792023088129445 0.5783058099999999 
0.3019950000000006 -2.725553299999999 0.8630904300000002 0.05733464800000003 0.0034980534999999994 -6.607440600000003e-06 0.0 0.029489713000000018 -4.160415999999987e-06 0.03152683199999999 0.025892263556873362 0.5834411 
0.275423 -2.7486145000000004 0.8724752500000001 0.057603338 0.0035318019000000005 1.1362621219999992e-05 0.0 0.029748012000000008 1.0502182e-05 0.03156585599999999 0.02607222920126882 0.5887738400000001 
0.25118900000000005 -2.7698612000000016 0.8812509100000002 0.05778963100000002 0.0035546059999999992 -2.9082603799999996e-06 0.0 0.029922643999999984 -1.9933694799999798e-06 0.03155572999999999 0.026217777881784986 0.5942029999999999 
0.22908699999999985 -2.7894125 0.8887570699999996 0.058085589000000014 0.0035921239000000003 3.5968645499999972e-06 0.0 0.030120074 3.464179909999998e-05 0.031673086 0.026373745875170388 0.5997372599999997 
0.20892999999999984 -2.8073555000000012 0.8987097100000001 0.058330413000000005 0.0036221484000000005 -9.530223009999998e-06 0.0 0.030299623999999997 4.126363436e-05 0.031721291000000006 0.02656027206959358 0.6054386699999998 
0.190546 -2.8238667 0.8975244000000002 0.058437329 0.0036370969999999993 3.281341199999999e-06 0.0 0.030335773999999996 -9.144493000000013e-06 0.031740237000000004 0.02667112209491007 0.6112416499999996 
0.17378000000000032 -2.8389682 0.9028765399999997 0.05861025799999999 0.0036600385 1.1964692900000011e-06 0.0 0.030360833000000014 -2.2841628299999993e-05 0.031818708 0.026831928647034032 0.6172183400000002 
0.15848899999999977 -2.852835500000001 0.9043576200000003 0.05879240699999997 0.0036823496000000016 -1.7924229100000003e-06 0.0 0.030331469000000014 -2.8378157600000008e-05 0.031911861 0.027061309481003798 0.6232981700000001 
0.1445439999999998 -2.865552599999999 0.9088203000000001 0.058928334 0.0036996374999999993 3.3804849500000008e-06 0.0 0.030356135999999992 -2.9152068999999993e-05 0.031943722 0.027229610655244124 0.6295345999999999 
0.1318260000000002 -2.8771891999999997 0.9154878999999998 0.05903921200000001 0.0037149785999999983 6.708370699000001e-06 0.0 0.030323988999999996 1.984688170000001e-05 0.031972582 0.027390640110934686 0.6360177900000002 
0.12022600000000012 -2.8878285 0.9201795999999999 0.05910785499999999 0.003722572299999999 2.1560025999999995e-06 0.0 0.03016793300000001 4.160010505099997e-05 0.03201482799999999 0.027578070983569552 0.6426935699999998 
0.10964799999999998 -2.897591199999998 0.9222284699999996 0.059129341999999994 0.0037259473000000004 8.779861719999995e-07 0.0 0.029981072 -1.2873937849999999e-05 0.03205741400000001 0.027699801642323482 0.6495688399999997 
0.09999999999999981 -2.906502100000001 0.9189911499999996 0.059325713999999995 0.003750393899999998 -1.4056394099000007e-06 0.0 0.029892660000000005 4.491049119999999e-05 0.032166726 0.02797939946551005 0.6567462599999999 
0.09120109999999998 -2.9146669000000003 0.9279523000000001 0.05931868400000001 0.0037519695999999984 5.090530159999999e-06 0.0 0.029663435999999998 -6.032116400000001e-05 0.03215687300000001 0.028151445909567075 0.6643266200000001 
0.08317640000000008 -2.922122100000002 0.92653883 0.059282094 0.0037459874 8.715346100000005e-07 0.0 0.029240425 2.83946546e-05 0.032241253 0.02838659447538451 0.6721338800000002 
0.07585779999999986 -2.9289551 0.9330509100000002 0.05921540599999999 0.0037380684000000003 -5.145249600000037e-08 0.0 0.028998469999999995 -5.560462565e-05 0.032241264 0.028486312386316638 0.6805506000000001 
0.06918310000000004 -2.9351954 0.9352967499999998 0.059266586 0.003745621900000002 -1.9960580000000808e-08 0.0 0.028645331000000013 -1.2381090299999997e-05 0.03233296799999999 0.028766448280750034 0.6895078999999998 
0.06309569999999992 -2.9409097 0.9405846599999999 0.05914111200000003 0.0037312621 1.4323511000000007e-06 0.0 0.028290801000000015 4.837190459000001e-05 0.03227307600000001 0.028924553045687706 0.6990661999999997 
0.05754400000000003 -2.946130200000001 0.9435037099999998 0.059086549999999995 0.0037262665 1.8823022479999994e-06 0.0 0.02773117099999999 -2.4649617199999995e-05 0.03232934300000001 0.02924864666654853 0.7094938699999999 
0.05248070000000001 -2.950913799999999 0.9467329200000001 0.058954934000000014 0.0037141482000000005 4.73092398e-06 0.0 0.027202023999999988 -5.305969429999998e-05 0.03237476500000001 0.029421914589490616 0.7208637300000003 
0.04786300000000007 -2.9552952999999995 0.9506668899999998 0.05865260099999997 0.0036755574999999996 2.630484799999994e-07 0.0 0.02647951499999999 -1.4112047999999792e-06 0.03234636299999999 0.02956765596319988 0.7337634300000002 
0.04365159999999997 -2.959314599999999 0.9561798899999997 0.05841749699999999 0.0036507649000000015 -2.8715093099999988e-06 0.0 0.02583663800000001 -1.047768123999999e-05 0.03219127200000001 0.029844472799031817 0.74829649 
0.03981069999999995 -2.9630103999999995 0.9674348999999992 0.05828168300000001 0.003640232399999999 -1.5122236399999999e-06 0.0 0.024800101999999994 3.146628077999999e-05 0.032194165 0.030382646924432412 0.76543861 
0.03630779999999992 -2.9664132999999993 0.9786491400000003 0.057639275000000004 0.0035670044 -4.0042395e-07 0.0 0.023683976000000002 -1.663484910000001e-05 0.032000933 0.03048190923027235 0.7853000900000001 
0.0331131 -2.9695639000000007 0.9913770500000002 0.05721208700000003 0.0035266028000000018 -2.8343011e-06 0.0 0.02235408399999999 -3.091743066999999e-05 0.031899888 0.030917619566739118 0.8095018600000004 
0.030199500000000035 -2.9724691 1.0012508000000002 0.05620265200000001 0.003415515899999999 -2.6626053000000023e-07 0.0 0.020785535999999993 -2.3218449079999987e-05 0.031335684999999995 0.031095707268998445 0.83617296 
0.02754229999999995 -2.9751346000000005 0.9833536199999999 0.05625731600000003 0.0034445048000000013 -1.0642560000000002e-06 0.0 0.019046808999999994 3.1798287899999965e-05 0.031555821 0.03204037503371047 0.8631029499999997 
0.025118899999999996 -2.977475700000003 0.9461000399999997 0.05722040899999998 0.0036118696999999987 -4.491956699999998e-07 0.0 0.017980779 -1.385903379999999e-05 0.032216733 0.033261897193097134 0.8813695399999996 
0.02290869999999994 -2.979546899999999 0.9250097599999997 0.05702120099999999 0.0035212816999999996 2.910542800000001e-07 0.0 0.017062519 -5.8228932699999996e-05 0.03205431899999999 0.0337369128584732 0.8938890700000001 
0.020893000000000037 -2.981399000000002 0.9123563900000002 0.05609533799999999 0.0034335217200000003 6.805651799999998e-07 0.0 0.016383131 2.986259050000001e-05 0.03162241899999999 0.03331839549051102 0.9030584199999998 
0.019054600000000022 -2.9830761999999997 0.9095159799999997 0.056085924 0.00345348529 -8.298488400000003e-07 0.0 0.015924469 5.715633100000008e-07 0.031604403999999996 0.03355756775147926 0.9105644799999998 
0.017377999999999956 -2.9845929999999985 0.9037304600000003 0.056060646000000006 0.003457751220000001 -4.345633700000002e-07 0.0 0.015388680000000002 4.6195663999999965e-06 0.031644969 0.03376068678942006 0.9170273499999995 
0.01584889999999996 -2.9859708000000023 0.8968956600000004 0.056077581999999994 0.0034659652599999978 -4.111457900000001e-07 0.0 0.014929497000000007 2.535564127000004e-05 0.031739177 0.03393999270457813 0.92266954 
0.014454399999999984 -2.987223600000002 0.8969251200000002 0.056118958999999996 0.0034764842199999984 -6.904362700000002e-07 0.0 0.014530039999999992 -2.7486327899999993e-05 0.03171739400000001 0.03418476580549291 0.9279346699999996 
0.013182599999999997 -2.9883621999999996 0.8905644099999998 0.055968820999999995 0.003465620410000001 7.10823200000001e-08 0.0 0.014070463999999996 -4.3300239499999994e-05 0.03164028399999999 0.034289688228931185 0.9325092800000001 
0.012022600000000015 -2.9893982999999973 0.8876998300000003 0.055898038000000004 0.0034616721200000007 1.0370705669999994e-06 0.0 0.013712784999999996 -1.9382115158999997e-05 0.03164382599999999 0.034370593895339425 0.9367229300000004 
0.010964799999999999 -2.9903398000000028 0.8883194600000001 0.055798007 0.00345494746 -1.095644676e-06 0.0 0.013287377000000006 -5.305649030000002e-05 0.031635971000000006 0.03445041819367587 0.9405691 
