1.0 -2.2100746544715455 0.6225779227642281 0.037413211991869914 0.0014833861585365855 -3.21065321747967e-06 0.01777138516260163 1.2548733313008128e-05 0.02111814227642277 0.029218184756097554 0.020170673577235763 0.021585844918699155 0.012082506707317075 0.36777032113821156 
0.8709640000000023 -2.2929077845528463 0.661526140243902 0.037929080691056924 0.0015257487601626016 7.101699959349594e-07 0.018222639024390256 3.186116028455293e-06 0.021413467479674788 0.02960186829268294 0.020450703658536618 0.021872732926829223 0.012049163414634145 0.3720542621951221 
0.758578 -2.369287499999998 0.6992207784552847 0.03842457317073168 0.0015666183739837395 4.599145040650406e-07 0.018666915447154486 -2.0184286178861773e-06 0.0216668713414634 0.029968609756097574 0.02072977987804878 0.022106360365853662 0.012028034552845531 0.3769502967479674 
0.6606929999999985 -2.4392865040650435 0.7327254186991877 0.0388812398373984 0.0016048849796747955 -1.5466622052845516e-06 0.019092910365853685 -2.874645642073172e-05 0.02186119410569106 0.030332382113821117 0.021018221544715453 0.022275607520325195 0.012014684756097562 0.38250447154471545 
0.5754399999999953 -2.5029650000000028 0.7618979593495927 0.03932949634146341 0.0016432030284552848 -1.8160746686991879e-06 0.019521554878048773 2.273665271219513e-05 0.022045004674796764 0.03067138089430895 0.02132590630081302 0.022399488821138205 0.011996902845528458 0.3887523231707316 
0.5011869999999947 -2.560627296747966 0.789442764227642 0.03976566443089431 0.0016807931300813002 -5.233985994918701e-06 0.019949836585365845 -1.19966214715447e-05 0.022193964227642294 0.030998710365853648 0.02164910487804879 0.02246098272357724 0.011984159959349597 0.39564758130081323 
0.4365160000000036 -2.612526117886181 0.813074130081301 0.04015069410569105 0.0017139984959349591 -3.558720664634147e-06 0.020301004471544697 -1.6301772257113833e-05 0.02232095162601622 0.03131607215447155 0.0219609195121951 0.022506640447154464 0.011993542886178852 0.40317004471544743 
0.3801890000000013 -2.659006483739837 0.8356544065040663 0.04048498760162602 0.0017434513821138217 1.0862563597560968e-06 0.020632982723577248 1.628183253048781e-05 0.022421651422764234 0.03159222256097559 0.02228342601626014 0.022475861382113826 0.0119803087398374 0.41121504878048815 
0.33113099999999923 -2.70043119918699 0.8518723353658542 0.040828270325203336 0.0017736797967479693 9.943230081300807e-07 0.020966446951219495 -3.3109910813008135e-05 0.022495700203252037 0.03190474532520323 0.022608626422764226 0.022445725203252026 0.012025382723577229 0.41978364024390236 
0.2884030000000004 -2.737208536585368 0.866557424796748 0.04113305121951215 0.0018009724186991882 3.99287484146342e-07 0.021213001829268285 1.2378408780487832e-05 0.022573197560975634 0.032220682113821134 0.02298558577235773 0.022361678658536586 0.012053420731707305 0.42875941463414663 
0.2511889999999975 -2.7697508536585356 0.8785780569105676 0.04140294105691057 0.0018252448373983748 -1.2631504620325245e-07 0.021433695325203252 -1.1570826922764226e-05 0.022636544918699188 0.03250792520325203 0.023333755691056904 0.022280147967479697 0.012068039430894321 0.4381681849593495 
0.21877600000000144 -2.798463048780487 0.8908460487804877 0.04160437154471545 0.00184361792682927 -6.89695424796744e-08 0.021553841056910536 -1.2405420949186979e-05 0.022674582520325195 0.032800149186991874 0.023682687601626017 0.02216439878048779 0.012109311788617889 0.44793878252032493 
0.19054599999999863 -2.8237315853658513 0.8993317825203251 0.041858458536585416 0.001866319146341465 7.092886676829262e-07 0.021676165040650407 1.9367358786585385e-05 0.022774109349593494 0.0331247699186992 0.024076686178861786 0.022079029065040643 0.012161407926829263 0.4581070447154472 
0.16595900000000077 -2.8459372967479712 0.9059482317073171 0.04201284146341465 0.0018801702439024397 9.144402371951219e-07 0.021701719105691065 2.750522402642279e-05 0.022808255894308963 0.033436445121951215 0.024452585772357732 0.02193664004065041 0.01220787601626015 0.4687153658536587 
0.14454400000000103 -2.865424552845531 0.9119678231707318 0.042146248170731725 0.0018922725203252032 4.5574118292682454e-08 0.02168078272357725 3.0897230975609786e-05 0.0228554487804878 0.03374210284552847 0.02482744146341461 0.021803493902439037 0.012283978658536598 0.4797808719512192 
0.1258929999999992 -2.8825046544715485 0.9187963963414641 0.042271719105691045 0.0019041542682926818 -4.1395767357723634e-07 0.02159849573170728 1.032529126016264e-06 0.022934657317073174 0.034056155894308986 0.025216238617886185 0.0216790388211382 0.01236705365853659 0.49144519105691054 
0.10964799999999998 -2.8974676016260177 0.9241463943089435 0.04235271382113818 0.0019114058739837395 -2.484453762195111e-07 0.021438830691056877 -1.0210101686991881e-05 0.0229767512195122 0.03442795670731707 0.02565036686991872 0.021514739227642285 0.012445932113821136 0.5037938170731708 
0.09549930000000016 -2.910568373983739 0.925518930894308 0.04240334776422769 0.0019169092276422797 2.5929059985772357e-06 0.02123214126016261 3.2462593394308888e-06 0.023007074593495942 0.034794183739837385 0.026064147154471563 0.02133624471544717 0.012541106504065036 0.5169931646341467 
0.08317639999999943 -2.922027865853656 0.930123260162603 0.042448028252032574 0.001921282703252032 -2.1669570528455292e-07 0.020949363414634176 -1.8345088617886193e-05 0.023102105691056897 0.03517640508130083 0.026539930691056902 0.02116102195121952 0.012654799999999992 0.5312562378048781 
0.07244359999999976 -2.9320552032520277 0.9389196666666664 0.04238533475609752 0.001916146483739839 1.2839946810975606e-06 0.020582523983739845 3.246303493902438e-05 0.02310907337398373 0.03552498272357719 0.026965236585365884 0.02092472764227644 0.012761732926829271 0.5468886829268292 
0.06309570000000074 -2.940830365853664 0.9399119837398374 0.042349047560975635 0.0019137755691056915 3.046008983739877e-08 0.020107683739837387 2.3656767209349594e-05 0.023186929878048792 0.03596286951219513 0.027527863414634122 0.020645002845528462 0.012864315447154474 0.564331020325204 
0.054954099999999804 -2.9485143495934905 0.9451330752032517 0.042268164024390244 0.001908581178861788 9.563017886341456e-07 0.019566998373983745 2.075259067479674e-05 0.02319133292682927 0.036478736991869924 0.028130604878048752 0.02029536646341463 0.013086138617886186 0.5842516565040649 
0.047862999999999774 -2.9552488008130013 0.9505873211382116 0.042067273577235755 0.0018923089430894309 3.8410184796748006e-07 0.018854556504065048 1.1364470467479673e-05 0.02320204776422764 0.03691474186991871 0.028727772967479675 0.019858682113821132 0.013191307317073181 0.6078520223577237 
0.041686899999999784 -2.9611672357723595 0.9610900670731711 0.041770977235772375 0.0018692492886178862 -1.3879295201097573e-06 0.017994135162601618 3.297431479065045e-05 0.023146918902439 0.03738364024390246 0.02941003434959349 0.01921709268292684 0.013384378292682927 0.6368526178861784 
0.03630779999999975 -2.9664003455284598 0.9798189837398377 0.04131560426829267 0.0018356871747967488 8.190781453252031e-07 0.016781394512195118 4.5095961876016134e-06 0.022999739837398368 0.03800743739837397 0.03028027195121949 0.018270984552845506 0.01351835264227642 0.6744802926829268 
0.031622799999999625 -2.971058922764235 1.0051279451219517 0.0406028089430894 0.00178401213414634 -3.799498209349596e-07 0.015183574593495933 -8.324203904065055e-06 0.02270046666666667 0.0386552766260163 0.03129243008130082 0.016808571138211374 0.01359831260162601 0.7235881016260167 
0.02754230000000023 -2.97513260162602 0.9779072764227636 0.039623889430894316 0.0017118139613821134 6.42367985365854e-07 0.01350813495934958 5.0413572560975635e-06 0.022203513008130105 0.03901584613821136 0.03203179430894309 0.015096018495934962 0.01383235729674797 0.7740868394308943 
0.02398829999999978 -2.9785368699187034 0.9333721483739832 0.039104916260162596 0.0016745691849593496 1.6578708760162611e-07 0.012379382317073173 4.5654622601626e-06 0.02199562743902439 0.039333841869918736 0.03261910548780488 0.013889287398373997 0.013480630243902439 0.8081721382113823 
0.02089299999999985 -2.981394369918683 0.9149267804878048 0.0391370408536585 0.0016852364288617884 9.473814918699197e-08 0.011674772764227653 4.7123606727642215e-06 0.02203427926829266 0.04002545752032515 0.0333970635365854 0.013120555691056903 0.01402307371951218 0.8297273739837392 
0.018196999999999942 -2.9838450813008293 0.9038495101626012 0.03914960467479673 0.0016947207764227647 2.3752692774390296e-07 0.011106802032520322 -3.5698866686991823e-06 0.022080495731707315 0.04048362479674794 0.03389773989837395 0.012502545325203254 0.014092989979674798 0.8463398211382115 
0.015848899999999947 -2.985962926829248 0.8983563902439029 0.03926201930894307 0.0017111930467479677 -4.45506508356707e-07 0.010625531300813016 -9.165863780487812e-07 0.022179791626016257 0.041000384430894356 0.034465945203252045 0.01195897337398373 0.01454095148373984 0.8603689532520327 
0.013803799999999873 -2.987797764227656 0.8959174410569101 0.03895906910569106 0.0016885176117886183 3.660419491869916e-08 0.010156091849593497 1.2986056071138212e-05 0.022030032459349584 0.040986230467479706 0.03453386689024392 0.011459105894308942 0.014629974918699183 0.8726297154471542 
0.01202259999999994 -2.9893890650406303 0.8898574349593502 0.03892928150406504 0.0016915958536585366 -3.371837707317074e-07 0.009735528211382112 -7.788633313008131e-06 0.02203537241869918 0.041260380406504066 0.034858122113821166 0.010988663821138217 0.014930699227642268 0.8834285813008133 
0.01047129999999992 -2.9907708943089673 0.8889104166666663 0.038864698577235755 0.0016897693333333338 -1.8541431565040448e-08 0.009335559715447157 5.251434532520321e-06 0.02201439235772359 0.041473572601626006 0.035125542459349596 0.01056178089430894 0.015217179756097567 0.8930736178861785 
0.009120109999999966 -2.9919709552845717 0.8873332621951223 0.03844174898373983 0.0016527445833333335 -5.5986008536585385e-08 0.008960088475609758 7.967839093495934e-06 0.021802753373983737 0.04121194727642282 0.03496961691056907 0.010141413414634136 0.0151474993292683 0.9017278943089433 
0.00794328000000008 -2.993013617886159 0.8818537601626019 0.038330779268292675 0.0016513619959349591 -7.753180020325157e-09 0.008616301361788613 7.847591869918683e-07 0.021770354105691062 0.04129138432926829 0.035094585101626004 0.009755740995934964 0.015268173048780486 0.9095627947154461 
0.006918310000000063 -2.9939204065040363 0.8848847337398377 0.03785547479674797 0.0016072792459349595 -5.832513211382112e-10 0.008288108089430899 -3.4475147276422773e-06 0.021511389857723568 0.04093031467479678 0.034811668739837376 0.00940089239837398 0.015126428313008132 0.9166017296747974 
0.006025600000000046 -2.9947097967479674 0.8809346361788613 0.03797914979674798 0.001624501701219513 1.9058562296748022e-08 0.007965078191056907 1.648649163414634e-05 0.021613653719512214 0.04126685989837396 0.03517365662601628 0.00904154382113821 0.015149525284552842 0.9230217439024403 
0.00524806999999997 -2.9953945528455486 0.8823424959349591 0.03729216280487807 0.0015828240162601612 -2.593181402439024e-08 0.007675569369918702 -2.5782130752032547e-06 0.021220241341463445 0.04060279941056907 0.03461379880081301 0.008713295609756103 0.014871558252032529 0.9288962113821129 
0.0045708800000000055 -2.9959901219511917 0.8799904959349593 0.03759197703252036 0.0016110151605691066 -9.548760103658535e-08 0.007388365691056905 1.1147929239837396e-05 0.021412702520325216 0.041148444126016266 0.03513459593495937 0.008391153008130077 0.015084740955284556 0.9342294918699183 
0.0039810700000000206 -2.996510020325167 0.8788455243902439 0.037704296544715445 0.001623304400406505 -1.5977000589430885e-07 0.007111197642276426 -3.6735768699186806e-07 0.02151001979674798 0.04142385351626013 0.03541512076626019 0.00808492699186993 0.01490681888211383 0.9391122621951221 
0.0034673700000000278 -2.996960060975574 0.8803957459349593 0.037013799390243914 0.0015788114024390244 1.8825538495934956e-08 0.006855736890243908 6.547645974186995e-06 0.02110873544715449 0.040741474735772346 0.03484061294308945 0.007791131808943096 0.01434049170731706 0.9436139065040647 
0.00301995000000003 -2.99735477642278 0.8787507479674802 0.03737191117886179 0.001607261195121953 1.8838714276422747e-07 0.006606379451219508 2.5198517093495953e-06 0.02131534922764229 0.04132973036585369 0.03537067943089434 0.00750623542682926 0.014487665691056917 0.9477278373983743 
0.0026302700000000252 -2.9976999593495663 0.8784866951219514 0.0369222967479675 0.0015732639410569113 1.5880620475609758e-07 0.006366919390243904 2.572731353658537e-06 0.021092831321138213 0.040887134735772365 0.035021179369918685 0.007260127967479663 0.014246797499999984 0.9515297642276411 
0.0022908699999999696 -2.9979942682927017 0.8764001646341465 0.03698088792682927 0.0015832303333333348 6.076575467479638e-09 0.006128960325203255 6.396987532520326e-06 0.021137688658536612 0.04107124400406504 0.03518748131300813 0.006992975020325201 0.014502104857723585 0.9550333313008132 
0.001995260000000026 -2.9982508333333553 0.8759002357723576 0.03704603217479675 0.0015878328428861781 9.137589046138216e-08 0.005908743272357729 7.939501608943087e-06 0.02119784676829268 0.04125607274390244 0.035408784436991865 0.006745049837398372 0.014595111768292684 0.9582550447154484 
0.0017378000000000096 -2.998479999999977 0.8770229796747971 0.03733975213414631 0.0016141212601626014 4.25769531707317e-08 0.005708382357723575 5.548999024390239e-06 0.02136403725609757 0.04170561044715451 0.03577814418699188 0.0065082199593496 0.014819848617886178 0.961238786585366 
0.0015135600000000156 -2.9986798170731563 0.8747047845528442 0.03691781951219512 0.0015723915569105693 1.2394871203252036e-07 0.005507421402439025 4.4226350162601626e-06 0.021128531443089425 0.041318499654471555 0.03548880747967486 0.006276708252032526 0.015293045691056913 0.9639875447154468 
0.0013182600000000075 -2.998849999999967 0.8739192012195119 0.03650515752032518 0.0015234797784552847 9.257478932723582e-08 0.005286888272357729 -3.189143077719511e-06 0.020915397682926832 0.040933020833333306 0.03518183941056911 0.006053963861788619 0.015193393699186987 0.9665364999999989 
0.0011481500000000051 -2.998999939024409 0.8749490670731711 0.036452791422764176 0.00152531733800813 -2.1061928426829272e-07 0.0051102408130081255 -2.88635538617886e-06 0.020880615691056904 0.04094635424796747 0.035181030945121955 0.005846774491869917 0.014898907357723581 0.9688893394308942 
