156.80000000
153.35040000
149.63932032
145.65592161
141.39082492
136.83659817
131.98831055
126.84415300
121.40611886
115.68073331
109.67981271
103.42122659
96.92962435
90.23707731
83.38357429
76.41729663
69.39458835
62.45512952
56.20961657
50.58865491
45.52978942
40.97681048
36.87912943
33.19121649
29.87209484
26.88488535
24.61814131
22.35139727
20.11625755
18.10463179
156.80000000
153.35040000
149.63932032
145.65592161
141.39082492
136.83659817
131.98831055
126.84415300
121.40611886
115.68073331
109.67981271
103.42122659
96.92962435
90.23707731
83.38357429
76.41729663
69.39458835
62.45512952
56.20961657
50.58865491
45.52978942
40.97681048
36.87912943
33.19121649
29.87209484
26.88488535
24.61814131
22.35139727
20.11625755
18.10463179
17.02121186
15.48930279
13.95586182
12.56027564
11.81864340
11.25656208
10.24347150
9.22936782
8.30643104
8.05642818
7.33134964
6.60554603
5.94499143
5.69897712
5.57276068
5.07121222
4.56916221
4.11224599
3.96956846
3.88629507
3.82227884
3.47827374
3.13392464
2.82053218
2.73782364
2.69344462
2.66117995
2.62936590
2.43768513
2.24220716
2.04442431
1.84605402
1.83190164
1.66703049
1.50215934
1.35194341
1.32352236
1.29577146
1.26825310
1.26108251
1.14758509
1.03408766
0.93067890
0.91206532
0.89555999
0.87905466
0.87450433
0.87088469
0.80465938
0.73843407
0.67158177
0.61608727
0.60498837
0.60253498
0.60065239
0.55620430
0.51175620
0.47431143
0.43686667
0.42937771
0.42275320
0.41688311
0.41566097
0.41471457
0.39372497
0.37273537
0.35174578
0.32995740
0.31326501
0.29464750
0.29092400
0.28761520
0.28654630
0.28604410
0.27651705
0.26620005
0.25588306
0.24556606
0.23524907
0.22493207
0.21408108
0.20323009
0.20105989
0.19912757
0.19857337
0.19804711
0.19774965
0.19752247
0.19273682
0.18781480
0.18289278
0.17797075
0.17270224
0.16707843
0.16109368
0.15474628
0.14803924
0.14133220
0.13999079
0.13879498
0.13772795
0.13677500
0.13647267
0.13629820
0.13616366
0.13307302
0.12998238
0.12689174
0.12357287
0.12001760
0.11646233
0.11266738
0.10887244
0.10483860
0.10056579
0.09605725
0.09515554
0.09435162
0.09412390
0.09402863
0.09393457
0.09133115
0.08872773
0.08612432
0.08352090
0.08074371
0.07779038
0.07483705
0.07171173
0.06858640
0.06546107
0.06528299
0.06511374
0.06495288
0.06486509
0.06479923
0.06297241
0.06114560
0.05931878
0.05749197
0.05566515
0.05371951
0.05177386
0.04971117
0.04753260
0.04535404
0.04491832
0.04480579
0.04474505
0.04470025
0.04329150
0.04188274
0.04047399
0.03906524
0.03765649
0.03616274
0.03458480
0.03292480
0.03126480
0.03091801
0.03087391
0.03084746
0.02988856
0.02892166
0.02786172
0.02680177
0.02596352
0.02503940
0.02405905
0.02302289
0.02193220
0.02170362
0.02150003
0.02131853
0.02129078
0.02127075
0.02053730
0.02000000
